[Page Setup]
PPDName=A2
DisplayName=A2
Width=420
Height=594
MarginTop=6.3499999999999996
MarginBottom=14.224
MarginLeft=6.3499999999999996
MarginRight=6.3499999999999996
Orientation=portrait
